start training...
loading data...
(293856, 652)
(293856,)
训练集准确率: 0.8886
测试集准确率: 0.8792

测试集前5个样本的预测结果：

样本 1:
输入特征: [   87356        0       24       94        7       94        4        0
      138        2        1        0        0        0        0        0
        0        0        1        0        0        0        1        0
        0        0        0        0        0        0        0        1
        0        0        0        0        0        0        0        0
        1        0        0        0        0        0        0        0
        0        0        0        1        0        0        0        0
        0        0        0        0        0        0        0        0
        0        1        0        0        0        0        0        1
        0        0        0        0        0        0        1        0
        0        0        0        0        0        0        0        0
        0        0        0        0        1        0        0        1
        0        0        1        0        1        0        1        0
        1        0        0        0        1        0        0        0
        0        0        0        0        0        0        0        0
        0        0        0        0        0        0        0        0
        1        0        0        0        0        0        0        0
        1        0        1        0        0        0        1       40
        2    72908        1        3        1    57192        1       37
        1   224803        1      111        3   104627        0       31
 50530048        8        0    87360        0        0        0        0
        0      114        7        0        0       35       72        4
        0        0        0        0        0        1        0        0
        0        1        0        0        0        0        0        0
        0        0        1        0        0        0        0        0
        0        0        0        1        0        0        0        0
        0        0        0        0        0        0        1        0
        0        0        0        0        0        0        0        0
        0        0        0        0        1        0        0        0
        0        0        1        0        0        0        0        0
        0        1        0        0        0        0        0        0
        0        0        0        0        0        0        0        1
        0        0        1        0        0        1        0        1
        0        1        0        1        0        0        0        1
        0        0        0        0        0        0        0        0
        0        0        0        0        0        0        0        0
        0        0        0        1        0        0        0        0
        0        0        0        1        0        1        0        0
        0        1      238        0   487236        1       67        0
 67613788        1      156        0 50587064        1      154        1
    58100        0       31 50530048        0 50462720    87364        0
       64        0        0      213        5        1        4        0
        0        0        0        5        0        0        0        0
        1        0        0        0        1        0        0        0
        0        0        0        0        0        1        0        0
        0        0        0        0        0        0        1        0
        0        0        0        0        0        0        0        0
        0        1        0        0        0        0        0        0
        0        0        0        0        0        0        0        1
        0        0        0        0        0        1        0        0
        0        0        0        0        1        0        0        0
        0        0        0        0        0        0        0        0
        0        0        1        0        0        1        0        0
        1        0        1        0        1        0        1        0
        0        0        1        0        0        0        0        0
        0        0        0        0        0        0        0        0
        0        0        0        0        0        0        1        0
        0        0        0        0        0        0        1        0
        1        0        0        0        1      238        0   488128
        1      103        0 50331983        1        3        0 83953612
        1       42        2    82260        0       31 50530048        0
        0    87368        0        0       82        6        0       77
        3        0       17        4        0        0       15        0
        0        0        0        1        0        0        0        1
        0        0        0        0        0        0        0        0
        1        0        0        0        0        0        0        0
        0        1        0        0        0        0        0        0
        0        0        0        0        1        0        0        0
        0        0        0        0        0        0        0        0
        0        0        1        0        0        0        0        0
        1        0        0        0        0        0        0        1
        0        0        0        0        0        0        0        0
        0        0        0        0        0        1        0        0
        1        0        0        1        0        1        0        1
        0        1        0        0        0        1        0        0
        0        0        0        0        0        0        0        0
        0        0        0        0        0        0        0        0
        0        1        0        0        0        0        0        0
        0        1        0        1        0        0        0        1
       40        1    87340        1      247        2 34042408        1
      239        0   489904        1      187        1   136140        0
       31 50530048       66        4]
真实标签: 87372
预测标签: 87372
预测是否正确: True

样本 2:
输入特征: [   92304        0        4        0        0        0        0        0
        7        3        0        2        3        0        0        0
        0        0        1        0        1        0        0        0
        1        0        1        0        0        0        0        0
        1        0        1        0        0        0        0        0
        0        0        0        0        0        1        0        0
        0        0        0        0        0        0        1        0
        0        0        0        0        0        0        0        0
        0        0        0        0        0        0        0        0
        0        0        0        0        0        0        0        0
        0        0        0        0        0        0        0        0
        0        0        1        0        0        0        0        0
        0        0        0        0        0        0        1        0
        0        0        0        0        1        0        0        0
        0        0        0        0        0        0        0        1
        0        0        0        0        0        0        0        0
        1        0        0        0        0        0        1        0
        0        0        0        0        1        0        1       40
        0    82876        1        0        0   524916        1       33
        2   253928        1        1        2   331716        0        5
   492752       10   262144    92308        0       70        4        0
       70        4        0        7        3        0        0        0
        0        0        0        0        0        1        0        1
        0        0        0        1        0        1        0        0
        0        0        0        1        0        1        0        0
        0        0        0        0        0        0        0        0
        1        0        0        0        0        0        0        0
        0        1        0        0        0        0        0        0
        0        0        0        0        0        0        0        0
        0        0        0        0        0        0        0        0
        0        0        0        0        0        0        0        0
        0        0        0        0        0        1        0        0
        0        0        0        0        0        0        0        0
        0        1        0        0        0        0        0        1
        0        0        0        0        0        0        0        0
        0        0        1        0        0        0        0        0
        0        0        0        1        0        0        0        0
        0        1        0        0        0        0        0        1
        0        1      240        2    92288        1      251        1
 50708728        1      247        2   321208        1        4        3
   325808        0        5   492752       13   182396    92312        0
        0        0        0      119        4        0      231        1
        0        2        1        0        0        0        0        0
        1        0        1        0        0        0        1        0
        1        0        0        0        0        0        1        0
        1        0        0        0        0        0        0        0
        0        0        0        1        0        0        0        0
        0        0        0        0        1        0        0        0
        0        0        0        0        0        0        0        0
        0        0        0        0        0        0        0        0
        0        0        0        0        0        0        0        0
        0        0        0        0        0        0        0        0
        1        0        0        0        0        0        0        0
        0        0        0        0        1        0        0        0
        0        0        1        0        0        0        0        0
        0        0        0        0        0        1        0        0
        0        0        0        0        0        0        1        0
        0        0        0        0        1        0        0        0
        0        0        1        0        1       40        0    83080
        1        0        2   576792        1       51        0   508248
        1      192        1    79792        0        5   492752       10
      256    92316        1       39        7        3       52        4
        0        0        0        0        0        4        0        0
        0        0        0        1        0        1        0        0
        0        1        0        1        0        0        0        0
        0        1        0        1        0        0        0        0
        0        0        0        0        0        0        1        0
        0        0        0        0        0        0        0        1
        0        0        0        0        0        0        0        0
        0        0        0        0        0        0        0        0
        0        0        0        0        0        0        0        0
        0        0        0        0        0        0        0        0
        0        0        0        1        0        0        0        0
        0        0        0        0        0        0        0        1
        0        0        0        0        0        1        0        0
        0        0        0        0        0        0        0        0
        1        0        0        0        0        0        0        0
        0        1        0        0        0        0        0        1
        0        0        0        0        0        1        0        1
       45        1   492776        1       33        1   253800        1
       37        1   225060        1      111        3   104884        0
        5   492752       12        0]
真实标签: 87880
预测标签: 87880
预测是否正确: True

样本 3:
输入特征: [  321760        0      166        7        3        0        0        1
      164        4        0        0        0        0        1        0
        1        0        0        0        0        1        0        1
        0        1        0        0        0        0        1        0
        1        0        1        0        0        0        0        1
        0        1        0        1        0        0        0        0
        1        0        1        0        1        0        0        0
        0        1        0        1        0        1        0        0
        0        0        1        0        1        0        1        0
        0        0        0        1        0        1        0        1
        0        0        0        0        1        0        1        0
        1        0        0        0        0        1        0        1
        0        1        0        0        0        0        1        0
        1        0        1        0        0        0        0        1
        0        1        0        1        0        0        0        0
        1        0        1        0        1        0        0        0
        0        1        0        1        0        1        0        0
        0        0        1        0        1        0        1      158
        1   321448        1      254        1   520552        1      157
        0   321720        1      156        1   320504        0       10
   321520       10        0   321764        0        0        0        1
      166        7        3        0        0        0       43        7
        0        1        0        1        0        0        0        0
        1        0        1        0        1        0        0        0
        0        1        0        1        0        1        0        0
        0        0        1        0        1        0        1        0
        0        0        0        1        0        1        0        1
        0        0        0        0        1        0        1        0
        1        0        0        0        0        1        0        1
        0        1        0        0        0        0        1        0
        1        0        1        0        0        0        0        1
        0        1        0        1        0        0        0        0
        1        0        1        0        1        0        0        0
        0        1        0        1        0        1        0        0
        0        0        1        0        1        0        1        0
        0        0        0        1        0        1        0        1
        0        0        0        0        1        0        1        0
        1        0        0        0        0        1        0        1
        0        1      157        0   322016        1       23        2
    68188        1      251        1    76512        1        4        0
   325656        0       10   321520      136        0   321768        0
        0        0        0        0        0        0        0        0
        0        0        0        0        1        0        1        0
        0        0        0        1        0        1        0        1
        0        0        0        0        1        0        1        0
        1        0        0        0        0        1        0        1
        0        1        0        0        0        0        1        0
        1        0        1        0        0        0        0        1
        0        1        0        1        0        0        0        0
        1        0        1        0        1        0        0        0
        0        1        0        1        0        1        0        0
        0        0        1        0        1        0        1        0
        0        0        0        1        0        1        0        1
        0        0        0        0        1        0        1        0
        1        0        0        0        0        1        0        1
        0        1        0        0        0        0        1        0
        1        0        1        0        0        0        0        1
        0        1        0        1        0        0        0        0
        1        0        1        0        1      157        0   321760
        1      247        2   516072        1      251        0   516056
        1      187        1 50852096        0       10   321520      185
        0   321772        0        0        0        0        0        0
        0        0        0        0        0        0        0        1
        0        1        0        0        0        0        1        0
        1        0        1        0        0        0        0        1
        0        1        0        1        0        0        0        0
        1        0        1        0        1        0        0        0
        0        1        0        1        0        1        0        0
        0        0        1        0        1        0        1        0
        0        0        0        1        0        1        0        1
        0        0        0        0        1        0        1        0
        1        0        0        0        0        1        0        1
        0        1        0        0        0        0        1        0
        1        0        1        0        0        0        0        1
        0        1        0        1        0        0        0        0
        1        0        1        0        1        0        0        0
        0        1        0        1        0        1        0        0
        0        0        1        0        1        0        1        0
        0        0        0        1        0        1        0        1
      253        2   471420        1      156        1   321408        1
      153        0   314652        1      158        1   391788        0
       10   321520       10        0]
真实标签: 322016
预测标签: 322016
预测是否正确: True

样本 4:
输入特征: [   87876        0      169      209        4      210        7        3
        6        2      104      231        6        3        0        0
        0        0        0        0        0        0        1        0
        0        0        0        0        0        0        0        0
        0        0        0        0        0        0        0        0
        0        0        0        0        0        0        0        0
        0        0        0        0        0        0        0        0
        0        0        1        0        0        0        0        0
        0        0        0        0        0        0        1        0
        0        0        0        0        1        0        0        0
        0        0        0        0        0        0        0        1
        0        0        0        0        0        0        0        0
        1        0        0        0        0        0        1        0
        0        0        0        0        1        0        0        0
        0        0        0        0        1        0        1        0
        0        0        1        0        1        0        0        0
        0        0        1        0        1        0        0        0
        0        0        0        0        0        0        1      240
        2   492784        1      239        4   490696        1        1
        0 50397958        1       39        1    86468        0       17
    92320       10    65536    87880        0      211       71        2
        0      210        3        0        0        1        6        3
        0        0        0        0        0        0        0        0
        0        1        0        0        0        0        0        0
        0        0        0        0        0        0        0        0
        0        0        0        0        0        0        0        0
        0        0        0        0        0        0        0        0
        0        0        0        0        0        1        0        0
        0        0        0        0        0        0        0        0
        0        1        0        0        0        0        0        1
        0        0        0        0        0        0        0        0
        0        0        1        0        0        0        0        0
        0        0        0        1        0        0        0        0
        0        1        0        0        0        0        0        1
        0        0        0        0        0        0        0        1
        0        1        0        0        0        1        0        1
        0        0        0        0        0        1        0        1
        0        0        0        0        0        0        0        0
        0        1       40        1    87844        1      252        0
   518212        1      253        0   519848        1      187        0
     4556        0       17    92320       12        3    87884        1
        0        0       17       58      200        3      211        5
        0        7        3        0        0        0        0        0
        0        0        0        0        1        0        0        0
        0        0        0        0        0        0        0        0
        0        0        0        0        0        0        0        0
        0        0        0        0        0        0        0        0
        0        0        0        0        0        0        0        0
        1        0        0        0        0        0        0        0
        0        0        0        0        1        0        0        0
        0        0        1        0        0        0        0        0
        0        0        0        0        0        1        0        0
        0        0        0        0        0        0        1        0
        0        0        0        0        1        0        0        0
        0        0        1        0        0        0        0        0
        0        0        1        0        1        0        0        0
        1        0        1        0        0        0        0        0
        1        0        1        0        0        0        0        0
        0        0        0        0        1      240        0   492760
        1       45        0    93016        1      238        3 16849812
        1      158        7   197504        0       17    92320       10
   196611    87888        0      220      214        6       78      196
        7        0      228        0        0        0        0        0
        0        0        0        0        0        0        0        1
        0        0        0        0        0        0        0        0
        0        0        0        0        0        0        0        0
        0        0        0        0        0        0        0        0
        0        0        0        0        0        0        0        0
        0        0        0        1        0        0        0        0
        0        0        0        0        0        0        0        1
        0        0        0        0        0        1        0        0
        0        0        0        0        0        0        0        0
        1        0        0        0        0        0        0        0
        0        1        0        0        0        0        0        1
        0        0        0        0        0        1        0        0
        0        0        0        0        0        1        0        1
        0        0        0        1        0        1        0        0
        0        0        0        1        0        1        0        0
        0        0        0        0        0        0        0        1
       40        0    82876        1       44        1    95312        1
       33        1   198632        1        1        2   331716        0
       17    92320      132 16973824]
真实标签: 92244
预测标签: 92244
预测是否正确: True

样本 5:
输入特征: [   83076        0        0        0       27        0        0        0
        0       10        0        0        0        0        0        0
        0        0        0        0        0        0        1        0
        0        0        0        0        1        0        0        0
        0        0        0        0        0        0        0        1
        0        0        0        0        0        0        0        0
        1        0        0        0        0        0        1        0
        0        0        0        0        1        0        0        0
        0        0        0        0        1        0        1        0
        0        0        1        0        1        0        0        0
        0        0        1        0        1        0        0        0
        0        0        0        0        0        0        0        1
        0        0        0        0        0        0        0        0
        1        0        0        0        0        0        0        0
        0        0        0        0        0        0        0        0
        0        0        0        0        0        0        0        0
        0        0        0        0        0        0        0        0
        0        0        0        0        1        0        1      240
        2   492784        1       23        2   459604        1        1
        1 33622476        1        4        0   325656        0        4
    92320     1144        0    83080        0        0        0        0
        0        0        0        0        0        0        0        0
        0        0        0        0        0        0        0        0
        0        1        0        0        0        0        0        1
        0        0        0        0        0        0        0        0
        0        0        1        0        0        0        0        0
        0        0        0        1        0        0        0        0
        0        1        0        0        0        0        0        1
        0        0        0        0        0        0        0        1
        0        1        0        0        0        1        0        1
        0        0        0        0        0        1        0        1
        0        0        0        0        0        0        0        0
        0        0        1        0        0        0        0        0
        0        0        0        1        0        0        0        0
        0        0        0        0        0        0        0        0
        0        0        0        0        0        0        0        0
        0        0        0        0        0        0        0        0
        0        0        0        0        0        0        0        1
        0        1       42        1    92200        1      247        2
   460776        1        4        0   532848        1      187        1
 50852096        0        4    92320       18   131072    83084        0
        0        0        0        0        5        2        0        0
        0        0        0        0        0        0        0        0
        0        0        0        0        1        0        0        0
        0        0        1        0        0        0        0        0
        0        0        0        0        0        1        0        0
        0        0        0        0        0        0        1        0
        0        0        0        0        1        0        0        0
        0        0        1        0        0        0        0        0
        0        0        1        0        1        0        0        0
        1        0        1        0        0        0        0        0
        1        0        1        0        0        0        0        0
        0        0        0        0        0        1        0        0
        0        0        0        0        0        0        1        0
        0        0        0        0        0        0        0        0
        0        0        0        0        0        0        0        0
        0        0        0        0        0        0        0        0
        0        0        0        0        0        0        0        0
        0        0        1        0        1      240        0   492760
        1      156        0   321408        1      153        0   314652
        1      158        1   321408        0        4    92320       10
   196608    83088        0        0        0        0       39        6
        2      116        7        0        0        0      247        0
        0        0        0        0        0        0        0        1
        0        0        0        0        0        1        0        0
        0        0        0        0        0        0        0        0
        1        0        0        0        0        0        0        0
        0        1        0        0        0        0        0        1
        0        0        0        0        0        1        0        0
        0        0        0        0        0        1        0        1
        0        0        0        1        0        1        0        0
        0        0        0        1        0        1        0        0
        0        0        0        0        0        0        0        0
        1        0        0        0        0        0        0        0
        0        1        0        0        0        0        0        0
        0        0        0        0        0        0        0        0
        0        0        0        0        0        0        0        0
        0        0        0        0        0        0        0        0
        0        0        0        0        0        1        0        1
       45        2    87820        1        0        0   524916        1
       33        2   516072        1        1        3   331716        0
        4    92320       14        0]
真实标签: 82876
预测标签: 82876
预测是否正确: True