loading data...
(280639, 652)
(280639,)
training set accuracy: 1.0000
test set accuracy: 0.9990

prediction results of 5 samples in test set:

sample 1:
input features: [ 67604      0      0      0      0      0      0      0      8      5
      1      0      0      0      1      0      0      0      0      0
      0      0      0      0      0      0      0      0      0      0
      0      0      0      0      0      0      0      0      0      0
      0      0      0      0      0      0      0      0      0      0
      0      0      0      0      0      0      0      0      0      0
      0      0      0      1      0      0      1      0      0      0
      0      0      0      0      0      0      0      0      0      0
      0      0      0      0      0      0      0      0      0      0
      0      0      0      0      0      0      0      0      0      0
      0      0      0      0      0      0      0      0      0      0
      0      0      0      0      0      0      0      0      0      0
      0      0      0      0      0      0      0      0      0      0
      0      0      0      0      0      1      0      0      0      0
      0      0      1     33      2  66440      1     66      2  66288
      1     34      0  70560      1     65      0 135060      0      2
  68252     10      0  67608      0      0      0      0      0      0
      0      0      0      0      0      0      0      1      0      0
      0      0      0      0      0      0      0      0      0      0
      0      0      0      0      0      0      0      0      0      0
      0      0      0      0      0      0      0      0      0      0
      0      0      0      0      0      0      0      0      0      0
      0      0      0      0      0      0      1      0      0      1
      0      0      0      0      0      0      0      0      0      0
      0      0      0      0      0      0      0      0      0      0
      0      0      0      0      0      0      0      0      0      0
      0      0      0      0      0      0      0      0      0      0
      0      0      0      0      0      0      0      0      0      0
      0      0      0      0      0      0      0      0      0      0
      0      0      0      0      0      0      0      0      1      0
      0      0      0      0      0      1     33      0  68324      1
     32      1  67040      1     66      1 135536      1     34      2
  66712      0      2  68252    164      0  67612      0      0      0
      0      0      0      0     30      5      1      0      0      0
      1      0      0      0      0      0      0      0      0      0
      0      0      0      0      0      0      0      0      0      0
      0      0      0      0      0      0      0      0      0      0
      0      0      0      0      0      0      0      0      0      0
      0      0      0      0      0      0      0      0      0      1
      0      0      1      0      0      0      0      0      0      0
      0      0      0      0      0      0      0      0      0      0
      0      0      0      0      0      0      0      0      0      0
      0      0      0      0      0      0      0      0      0      0
      0      0      0      0      0      0      0      0      0      0
      0      0      0      0      0      0      0      0      0      0
      0      0      0      0      0      0      0      0      0      0
      0      1      0      0      0      0      0      0      1     33
      2  67300      1     32      0  66528      1     66      2 135196
      1     65      2  73572      0      2  68252     10      0  67616
      0     25      7      3      0      0      0      0      0      0
      0      0      0      1      0      0      0      0      0      0
      0      0      0      0      0      0      0      0      0      0
      0      0      0      0      0      0      0      0      0      0
      0      0      0      0      0      0      0      0      0      0
      0      0      0      0      0      0      0      0      0      0
      0      0      1      0      0      1      0      0      0      0
      0      0      0      0      0      0      0      0      0      0
      0      0      0      0      0      0      0      0      0      0
      0      0      0      0      0      0      0      0      0      0
      0      0      0      0      0      0      0      0      0      0
      0      0      0      0      0      0      0      0      0      0
      0      0      0      0      0      0      0      0      0      0
      0      0      0      0      1      0      0      0      0      0
      0      1     32      1  67604      1     66      1 135536      1
     34      0  70572      1     35      2  66180      0      2  68252
     11      0]
true label: 67620
predicted label: 67620
prediction is correct: True

sample 2:
input features: [ 70576      0      0      0      0      0      0      0      4      0
     33      0      0     72      0      0      0      0      1      0
      0      1      0      0      0      0      0      1      0      0
      0      0      0      0      0      0      0      0      0      1
      0      0      0      0      0      0      1      0      0      0
      0      0      0      1      0      0      0      0      0      0
      0      1      0      0      0      0      0      0      0      0
      0      1      0      0      1      0      0      0      1      0
      0      0      0      0      0      0      0      0      0      0
      0      0      0      0      0      1      0      0      0      1
      0      0      0      0      0      1      0      0      1      0
      0      0      1      0      0      0      0      0      0      0
      0      0      0      0      0      0      0      0      0      1
      0      0      0      1      0      0      1      0      0      1
      0      0      1     35      2  71100      1     34      2  66084
      1     32      1  68032      1     33      0  68600      0      0
      0      0      0  70580      0    108      4      0      0      0
      0     30      7      0      0      0     28      0      0      0
      0      1      0      0      1      0      0      0      0      0
      1      0      0      0      0      0      0      0      0      0
      0      0      1      0      0      0      0      0      0      1
      0      0      0      0      0      0      1      0      0      0
      0      0      0      0      1      0      0      0      0      0
      0      0      0      0      1      0      0      1      0      0
      0      1      0      0      0      0      0      0      0      0
      0      0      0      0      0      0      0      0      1      0
      0      0      1      0      0      0      0      0      1      0
      0      1      0      0      0      1      0      0      0      0
      0      0      0      0      0      0      0      0      0      0
      0      0      1      0      0      0      1      0      0      1
      0      0      1      0      0      1     32      1  70508      1
     66      2  66288      1     34      0  70560      1     65      0
 135060      0      0      0     17      0  70584      0      0      0
      0      0      0      0      0      0      0      0      0      1
      0      0      0      0      1      0      0      1      0      0
      0      0      0      1      0      0      0      0      0      0
      0      0      0      0      0      1      0      0      0      0
      0      0      1      0      0      0      0      0      0      1
      0      0      0      0      0      0      0      1      0      0
      0      0      0      0      0      0      0      1      0      0
      1      0      0      0      1      0      0      0      0      0
      0      0      0      0      0      0      0      0      0      0
      0      1      0      0      0      1      0      0      0      0
      0      1      0      0      1      0      0      0      1      0
      0      0      0      0      0      0      0      0      0      0
      0      0      0      0      0      1      0      0      0      1
      0      0      1      0      0      1      0      0      1     33
      2  67236      1     32      1  70472      1     66      1 135536
      1     34      0  70540      0      0      0     34      0  70588
      0      0      0      0      0      0      0      0      0      0
      0      0      0      0      0      0      0      1      0      0
      1      0      0      0      0      0      1      0      0      0
      0      0      0      0      0      0      0      0      1      0
      0      0      0      0      0      1      0      0      0      0
      0      0      1      0      0      0      0      0      0      0
      1      0      0      0      0      0      0      0      0      0
      1      0      0      1      0      0      0      1      0      0
      0      0      0      0      0      0      0      0      0      0
      0      0      0      0      1      0      0      0      1      0
      0      0      0      0      1      0      0      1      0      0
      0      1      0      0      0      0      0      0      0      0
      0      0      0      0      0      0      0      0      1      0
      0      0      1      0      0      1      0      0      1      0
      0      1     33      2  67300      1     32      1  68032      1
     66      2 135196      1     65      2  73572      0      0      0
      0      0]
true label: 70560
predicted label: 70560
prediction is correct: True

sample 3:
input features: [     67704          0         30          7          3          0
          0          0          0          0          0          0
          0          0          0          0          0          0
          1          0          0          0          0          0
          0          0          0          0          0          0
          0          0          0          0          0          0
          1          0          0          0          0          0
          0          1          0          0          0          0
          0          0          0          0          0          0
          0          1          0          0          0          0
          0          0          0          0          0          0
          0          0          0          0          0          0
          0          0          0          0          0          0
          0          0          0          0          0          0
          0          0          0          0          0          0
          0          0          0          0          0          0
          0          0          0          0          0          0
          0          0          1          0          0          1
          0          0          0          0          0          0
          0          0          0          0          0          0
          0          0          0          0          0          0
          0          0          0          0          0          0
          0          0          0          0          0          0
          0          0          0          0          1         33
          0      68324          1         32          1      67040
          1         66          1     135536          1         34
          2      66712          0          1      68104  167772170
          0      67708          0          0          0          0
          0          0          0          0          0          0
          0          0          0          0          0          0
          0          1          0          0          0          0
          0          0          0          0          0          0
          0          0          0          0          0          0
          0          1          0          0          0          0
          0          0          1          0          0          0
          0          0          0          0          0          0
          0          0          1          0          0          0
          0          0          0          0          0          0
          0          0          0          0          0          0
          0          0          0          0          0          0
          0          0          0          0          0          0
          0          0          0          0          0          0
          0          0          0          0          0          0
          0          0          0          0          0          0
          0          0          0          1          0          0
          1          0          0          0          0          0
          0          0          0          0          0          0
          0          0          0          0          0          0
          0          0          0          0          0          0
          0          0          0          0          0          0
          0          0          0          0          0          1
         33          2      67300          1         32          0
      66528          1         66          2     135196          1
         65          2      73572          0          1      68104
  167772170          0      67712          0         48          7
          3          0          0          0          0          0
          0          0          0          0          0          0
          0          0          1          0          0          0
          0          0          0          0          0          0
          0          0          0          0          0          0
          0          0          1          0          0          0
          0          0          0          1          0          0
          0          0          0          0          0          0
          0          0          0          1          0          0
          0          0          0          0          0          0
          0          0          0          0          0          0
          0          0          0          0          0          0
          0          0          0          0          0          0
          0          0          0          0          0          0
          0          0          0          0          0          0
          0          0          0          0          0          0
          0          0          0          0          1          0
          0          1          0          0          0          0
          0          0          0          0          0          0
          0          0          0          0          0          0
          0          0          0          0          0          0
          0          0          0          0          0          0
          0          0          0          0          0          0
          1         33          0      67660          1         66
          1     135536          1         34          0      70572
          1         35          2      66180          0          1
      68104 1677721780          0      67716          0          0
          0          0          0          0          0          0
          0          0          0          0          0          0
          0          0          0          1          0          0
          0          0          0          0          0          0
          0          0          0          0          0          0
          0          0          0          1          0          0
          0          0          0          0          1          0
          0          0          0          0          0          0
          0          0          0          0          1          0
          0          0          0          0          0          0
          0          0          0          0          0          0
          0          0          0          0          0          0
          0          0          0          0          0          0
          0          0          0          0          0          0
          0          0          0          0          0          0
          0          0          0          0          0          0
          0          0          0          0          0          1
          0          0          1          0          0          0
          0          0          0          0          0          0
          0          0          0          0          0          0
          0          0          0          0          0          0
          0          0          0          0          0          0
          0          0          0          0          0          0
          0          1         33          2      67688          1
         32          1      68616          1         66          0
     135184          1         35          0      71004          0
          1      68104  167772179          0]
true label: 67236
predicted label: 67236
prediction is correct: True

sample 4:
input features: [ 66744      0      0      0      0      0      0      0      0      0
      0      0      0      0      0      0      0      0      0      0
      0      0      1      0      0      0      0      0      0      1
      0      0      0      0      0      1      0      0      1      0
      0      0      0      0      1      0      0      0      0      0
      0      0      0      0      0      0      1      0      0      0
      0      0      0      1      0      0      0      0      0      0
      1      0      0      0      0      0      0      0      1      0
      0      0      0      0      0      0      0      0      1      0
      0      1      0      0      0      1      0      0      0      0
      0      0      0      0      0      0      0      0      0      0
      0      0      1      0      0      0      1      0      0      0
      0      0      1      0      0      1      0      0      0      1
      0      0      0      0      0      0      0      0      0      0
      0      0      1     33      2  67236      1     32      1  70472
      1     66      1 135536      1     34      2  66712      0      0
      0    138      0  66748      0      0      0      0      0      0
      0      0      0      0      0      0      0      0      0      0
      0      0      0      0      0      1      0      0      0      0
      0      0      1      0      0      0      0      0      1      0
      0      1      0      0      0      0      0      1      0      0
      0      0      0      0      0      0      0      0      0      1
      0      0      0      0      0      0      1      0      0      0
      0      0      0      1      0      0      0      0      0      0
      0      1      0      0      0      0      0      0      0      0
      0      1      0      0      1      0      0      0      1      0
      0      0      0      0      0      0      0      0      0      0
      0      0      0      0      0      1      0      0      0      1
      0      0      0      0      0      1      0      0      1      0
      0      0      1      0      0      0      0      0      0      0
      0      0      0      0      0      1     33      2  67300      1
     32      1  68032      1     66      2 135196      1     65      2
  73572      0      0      0      0      0  66752      0      0      0
      0     48      7      3      0      0      0    239      0      0
      0      0      0      0      0      0      0      0      1      0
      0      0      0      0      0      1      0      0      0      0
      0      1      0      0      1      0      0      0      0      0
      1      0      0      0      0      0      0      0      0      0
      0      0      1      0      0      0      0      0      0      1
      0      0      0      0      0      0      1      0      0      0
      0      0      0      0      1      0      0      0      0      0
      0      0      0      0      1      0      0      1      0      0
      0      1      0      0      0      0      0      0      0      0
      0      0      0      0      0      0      0      0      1      0
      0      0      1      0      0      0      0      0      1      0
      0      1      0      0      0      1      0      0      0      0
      0      0      0      0      0      0      0      0      1     32
      0  66644      1     66      1 135536      1     34      0  70572
      1     35      2  66180      0      0      0      8      0  66756
      0      0      0      0      0      0      0      0      0      0
      0      0     32      0      0      0      0      0      0      0
      0      1      0      0      0      0      0      0      1      0
      0      0      0      0      1      0      0      1      0      0
      0      0      0      1      0      0      0      0      0      0
      0      0      0      0      0      1      0      0      0      0
      0      0      1      0      0      0      0      0      0      1
      0      0      0      0      0      0      0      1      0      0
      0      0      0      0      0      0      0      1      0      0
      1      0      0      0      1      0      0      0      0      0
      0      0      0      0      0      0      0      0      0      0
      0      1      0      0      0      1      0      0      0      0
      0      1      0      0      1      0      0      0      1      0
      0      0      0      0      0      0      0      0      0      0
      0      1     34      0  70480      1     32      0  66656      1
     66      0 135184      1     35      0  71004      0      0      0
     64      0]
true label: 66760
predicted label: 66760
prediction is correct: True

sample 5:
input features: [ 68476      0      0      0      0      0      0      0      0      0
      0      0      0      0      0      0      0      0      0      0
      0      0      0      0      0      0      0      0      0      0
      0      0      0      0      0      0      0      0      0      0
      0      0      0      0      0      0      0      0      0      0
      0      0      0      0      0      0      0      0      0      0
      0      0      0      0      0      0      0      0      0      0
      1      0      0      0      0      0      0      0      0      0
      0      0      0      0      0      0      0      0      0      0
      0      0      1      0      0      0      1      0      0      0
      0      0      0      0      0      0      0      0      0      0
      0      0      0      0      0      0      0      0      0      0
      0      0      0      0      0      0      0      0      0      0
      0      0      0      1      0      0      0      0      0      0
      0      0      1     33      2  67300      1     32      0  66528
      1     66      2 135196      1     65      2  73572      0      2
  68252     10      0  68480      0      0      0      0      0      0
      0      0      0      0      0      0    188      0      0      0
      0      0      0      0      0      0      0      0      0      0
      0      0      0      0      0      0      0      0      0      0
      0      0      0      0      0      0      0      0      0      0
      0      0      0      0      0      0      0      0      0      0
      0      0      0      0      0      0      0      0      0      0
      0      0      0      1      0      0      0      0      0      0
      0      0      0      0      0      0      0      0      0      0
      0      0      0      0      0      1      0      0      0      1
      0      0      0      0      0      0      0      0      0      0
      0      0      0      0      0      0      0      0      0      0
      0      0      0      0      0      0      0      0      0      0
      0      0      0      0      0      0      1      0      0      0
      0      0      0      0      0      1     36      2  68804      1
     66      1 135536      1     34      0  70572      1     35      2
  66180      0      2  68252     10      0  68484      0      0      0
      0    232      0      0      0      0      0      0      0     21
      0      0      0      0      0      0      0      0      0      0
      0      0      0      0      0      0      0      0      0      0
      0      0      0      0      0      0      0      0      0      0
      0      0      0      0      0      0      0      0      0      0
      0      0      0      0      0      0      0      0      0      0
      0      0      0      0      0      0      1      0      0      0
      0      0      0      0      0      0      0      0      0      0
      0      0      0      0      0      0      0      0      1      0
      0      0      1      0      0      0      0      0      0      0
      0      0      0      0      0      0      0      0      0      0
      0      0      0      0      0      0      0      0      0      0
      0      0      0      0      0      0      0      0      0      1
      0      0      0      0      0      0      0      0      1     33
      2  66516      1     32      1  68616      1     66      0 135184
      1     35      0  71004      0      2  68252     10      0  68488
      0      0      0      0      0      0      0      0      0      0
      0      0      1      0      0      0      0      0      0      0
      0      0      0      0      0      0      0      0      0      0
      0      0      0      0      0      0      0      0      0      0
      0      0      0      0      0      0      0      0      0      0
      0      0      0      0      0      0      0      0      0      0
      0      0      0      0      0      0      0      0      0      1
      0      0      0      0      0      0      0      0      0      0
      0      0      0      0      0      0      0      0      0      0
      0      1      0      0      0      1      0      0      0      0
      0      0      0      0      0      0      0      0      0      0
      0      0      0      0      0      0      0      0      0      0
      0      0      0      0      0      0      0      0      0      0
      0      0      1      0      0      0      0      0      0      0
      0      1     32      0  66464      1     35      0  71488      1
     59      0 132892      1     34      2  66684      0      2  68252
     10      0]
true label: 68492
predicted label: 68492
prediction is correct: True
